pushplus_token: 123456abc ## pushplus推送token
refresh_token: 123456abc ## 阿里云网盘刷新token
bilibili_cookie: 123456abc ## B站cookie
kk_cookie: 123456abc ##夸克网盘cookie
jd_cookie:shshshfpa=e63b943a-0f0c-94ff-5084-645d269370c8-1689231591; shshshfpx=e63b943a-0f0c-94ff-5084-645d269370c8-1689231591; pinId=33ZSvzHJG0sLmJu4WZwXtg; jcap_dvzw_fp=XGysnk0H6myyueUQpZ0RJaRJPNc5LBI8v6Dkj82g37ijDNo3hC_bKY71i8TR1pOFm6-JL1U-2trCEqPvzewkVg==; whwswswws=; commonAddress=4551928385; regionAddress=1,72,2819,0; b_webp=1; b_avif=0; __jdu=17015070236031739133029; pin=zhengzb88; unick=zhengzb88; _tp=Mal1n5YuoRvMKdtkUj5EKA==; _pst=zhengzb88; autoOpenApp_downCloseDate_jd_independent_coupon_openapp=1710812952902_1; b_dw=647; b_dh=799; b_dpr=2; areaId=19; ipLoc-djd=19-1609-41653-41769; __jdv=181111935|www.linkstars.com|t_1000089893_156_0_184__836e763945117df7|tuiguang|0bb74d00a71b45a5936e14dc6ec00f70|1714444625663; unpl=JF8EALBnNSttD0lVBBsGEkdCT1xXWw0OTR8BaTAABA8ITlcFHgAaGxR7XlVdWBRKEh9tZhRUVFNLUg4ZACsSEHteVVxfAUMXB29nNWRdWUpVARgCHBQXe15Ublw4SxECb2MEUlxbSVMEGQIdEBhLX1ZfXgB7FjNvbwJkXVlKXQIaCx4TFEtcUFZtOEonAl9mNRUzWExTBRwGVhIWSl1QX1sJSBUEbmUFUl9QS1YHGgETIhF7Xg; PCSYCityID=CN_440000_440400_0; autoOpenApp_downCloseDate_jd_homePage=1714472373061_1; autoOpenApp_downCloseDate_auto=1714472460596_1800000; warehistory="100097568128,100068862741,100067678573,100067678573,100027363676,"; autoOpenApp_downCloseDate_autoOpenApp_autoPromptly=1714472772546_1; 3AB9D23F7A4B3CSS=jdd03THG2MNBQGC5DRISARGE6WUNH4VPL3EL7WNYUSAVVTL4FVLYZYFQB24CCNHW3XEBZEY3C2TONGGLESVS7GUYKYNRZVUAAAAMPJP7TZ3IAAAAADALPT3KDF3H52AX; _gia_d=1; TrackID=1s8Wu39BZ0blQqI2Ov8qFxhDfcjnZ2ubQksnXPTaizW3YjilqoBOvTmXtduEP-yHCSZB6dzeJ082927csHrr2drg1on1xLXorZyAtb7DJLrUt-AlDvV3eDkk1MeYvM76b; thor=E656643E47681763B527513FF7F95B38E53F2BBE040795212CC549DB17F8EC744FFC8763B8378AE8046A04D38AC1D4A77DE9324ED3D044742B64A68321350E7AF5A46F578AC4EDD348AA655738ABB5C3A5ADE5978C0EF08C12C313966202A6FB84F16AD96B24C622225CA11DD761AA756B60D313AC18BE5A81FB325C6B0506921EA2681291D4B3B1DFC9DF8DC4CE4D96; flash=2_iOHJvz4vK0q2LNy9WRenx0rYrI4hz7odZAC4Q4IAtJC4_jx0gLUhpBeD1a848FAI2QL_FQR17GROGKmiR5KKTJ_OlLCsoik4UP7ykDz4EksF5m4nrrow6gVllnkglPAp5OlU6a1XJyk7uN8XW_GoKGpDLiZBxSv6tMf9QQsTVPp*; ceshi3.com=201; __jda=222648329.17015070236031739133029.1701507024.1714471977.1714966967.89; __jdc=222648329; shshshfpb=BApXcfFD3SOpAzToq_Ut6S-JNDSqdVcESB8tiEr5X9xJ1MiUpyoO2; source=PC; platform=pc; lpkLoginType=3; __jdb=222648329.5.17015070236031739133029|89.1714966967; cn=80; 3AB9D23F7A4B3C9B=THG2MNBQGC5DRISARGE6WUNH4VPL3EL7WNYUSAVVTL4FVLYZYFQB24CCNHW3XEBZEY3C2TONGGLESVS7GUYKYNRZVU
